{
 "cells": [
  {
   "cell_type": "markdown",
   "id": "intro-md",
   "metadata": {},
   "source": [
    "# Regresión Lineal Múltiple – Pronóstico del Precio de una Casa\n",
    "**Objetivo:** Pronosticar el precio de una casa a partir de variables que la definen (habitaciones, baños, superficie, etc.)"
   ]
  },
  {
   "cell_type": "code",
   "execution_count": 1,
   "id": "cell-01",
   "metadata": {},
   "outputs": [
    {
     "data": {
      "text/html": [
       "<div>\n",
       "<style scoped>\n",
       "    .dataframe tbody tr th:only-of-type {\n",
       "        vertical-align: middle;\n",
       "    }\n",
       "\n",
       "    .dataframe tbody tr th {\n",
       "        vertical-align: top;\n",
       "    }\n",
       "\n",
       "    .dataframe thead th {\n",
       "        text-align: right;\n",
       "    }\n",
       "</style>\n",
       "<table border=\"1\" class=\"dataframe\">\n",
       "  <thead>\n",
       "    <tr style=\"text-align: right;\">\n",
       "      <th></th>\n",
       "      <th>id</th>\n",
       "      <th>date</th>\n",
       "      <th>price</th>\n",
       "      <th>bedrooms</th>\n",
       "      <th>bathrooms</th>\n",
       "      <th>sqft_living</th>\n",
       "      <th>sqft_lot</th>\n",
       "      <th>floors</th>\n",
       "      <th>waterfront</th>\n",
       "      <th>view</th>\n",
       "      <th>...</th>\n",
       "      <th>grade</th>\n",
       "      <th>sqft_above</th>\n",
       "      <th>sqft_basement</th>\n",
       "      <th>yr_built</th>\n",
       "      <th>yr_renovated</th>\n",
       "      <th>zipcode</th>\n",
       "      <th>lat</th>\n",
       "      <th>long</th>\n",
       "      <th>sqft_living15</th>\n",
       "      <th>sqft_lot15</th>\n",
       "    </tr>\n",
       "  </thead>\n",
       "  <tbody>\n",
       "    <tr>\n",
       "      <th>0</th>\n",
       "      <td>7129300520</td>\n",
       "      <td>20141013T000000</td>\n",
       "      <td>221900.0</td>\n",
       "      <td>3</td>\n",
       "      <td>1.00</td>\n",
       "      <td>1180</td>\n",
       "      <td>5650</td>\n",
       "      <td>1.0</td>\n",
       "      <td>0</td>\n",
       "      <td>0</td>\n",
       "      <td>...</td>\n",
       "      <td>7</td>\n",
       "      <td>1180</td>\n",
       "      <td>0</td>\n",
       "      <td>1955</td>\n",
       "      <td>0</td>\n",
       "      <td>98178</td>\n",
       "      <td>47.5112</td>\n",
       "      <td>-122.257</td>\n",
       "      <td>1340</td>\n",
       "      <td>5650</td>\n",
       "    </tr>\n",
       "    <tr>\n",
       "      <th>1</th>\n",
       "      <td>6414100192</td>\n",
       "      <td>20141209T000000</td>\n",
       "      <td>538000.0</td>\n",
       "      <td>3</td>\n",
       "      <td>2.25</td>\n",
       "      <td>2570</td>\n",
       "      <td>7242</td>\n",
       "      <td>2.0</td>\n",
       "      <td>0</td>\n",
       "      <td>0</td>\n",
       "      <td>...</td>\n",
       "      <td>7</td>\n",
       "      <td>2170</td>\n",
       "      <td>400</td>\n",
       "      <td>1951</td>\n",
       "      <td>1991</td>\n",
       "      <td>98125</td>\n",
       "      <td>47.7210</td>\n",
       "      <td>-122.319</td>\n",
       "      <td>1690</td>\n",
       "      <td>7639</td>\n",
       "    </tr>\n",
       "    <tr>\n",
       "      <th>2</th>\n",
       "      <td>5631500400</td>\n",
       "      <td>20150225T000000</td>\n",
       "      <td>180000.0</td>\n",
       "      <td>2</td>\n",
       "      <td>1.00</td>\n",
       "      <td>770</td>\n",
       "      <td>10000</td>\n",
       "      <td>1.0</td>\n",
       "      <td>0</td>\n",
       "      <td>0</td>\n",
       "      <td>...</td>\n",
       "      <td>6</td>\n",
       "      <td>770</td>\n",
       "      <td>0</td>\n",
       "      <td>1933</td>\n",
       "      <td>0</td>\n",
       "      <td>98028</td>\n",
       "      <td>47.7379</td>\n",
       "      <td>-122.233</td>\n",
       "      <td>2720</td>\n",
       "      <td>8062</td>\n",
       "    </tr>\n",
       "    <tr>\n",
       "      <th>3</th>\n",
       "      <td>2487200875</td>\n",
       "      <td>20141209T000000</td>\n",
       "      <td>604000.0</td>\n",
       "      <td>4</td>\n",
       "      <td>3.00</td>\n",
       "      <td>1960</td>\n",
       "      <td>5000</td>\n",
       "      <td>1.0</td>\n",
       "      <td>0</td>\n",
       "      <td>0</td>\n",
       "      <td>...</td>\n",
       "      <td>7</td>\n",
       "      <td>1050</td>\n",
       "      <td>910</td>\n",
       "      <td>1965</td>\n",
       "      <td>0</td>\n",
       "      <td>98136</td>\n",
       "      <td>47.5208</td>\n",
       "      <td>-122.393</td>\n",
       "      <td>1360</td>\n",
       "      <td>5000</td>\n",
       "    </tr>\n",
       "    <tr>\n",
       "      <th>4</th>\n",
       "      <td>1954400510</td>\n",
       "      <td>20150218T000000</td>\n",
       "      <td>510000.0</td>\n",
       "      <td>3</td>\n",
       "      <td>2.00</td>\n",
       "      <td>1680</td>\n",
       "      <td>8080</td>\n",
       "      <td>1.0</td>\n",
       "      <td>0</td>\n",
       "      <td>0</td>\n",
       "      <td>...</td>\n",
       "      <td>8</td>\n",
       "      <td>1680</td>\n",
       "      <td>0</td>\n",
       "      <td>1987</td>\n",
       "      <td>0</td>\n",
       "      <td>98074</td>\n",
       "      <td>47.6168</td>\n",
       "      <td>-122.045</td>\n",
       "      <td>1800</td>\n",
       "      <td>7503</td>\n",
       "    </tr>\n",
       "  </tbody>\n",
       "</table>\n",
       "<p>5 rows × 21 columns</p>\n",
       "</div>"
      ],
      "text/plain": [
       "           id             date     price  bedrooms  bathrooms  sqft_living  \\\n",
       "0  7129300520  20141013T000000  221900.0         3       1.00         1180   \n",
       "1  6414100192  20141209T000000  538000.0         3       2.25         2570   \n",
       "2  5631500400  20150225T000000  180000.0         2       1.00          770   \n",
       "3  2487200875  20141209T000000  604000.0         4       3.00         1960   \n",
       "4  1954400510  20150218T000000  510000.0         3       2.00         1680   \n",
       "\n",
       "   sqft_lot  floors  waterfront  view  ...  grade  sqft_above  sqft_basement  \\\n",
       "0      5650     1.0           0     0  ...      7        1180              0   \n",
       "1      7242     2.0           0     0  ...      7        2170            400   \n",
       "2     10000     1.0           0     0  ...      6         770              0   \n",
       "3      5000     1.0           0     0  ...      7        1050            910   \n",
       "4      8080     1.0           0     0  ...      8        1680              0   \n",
       "\n",
       "   yr_built  yr_renovated  zipcode      lat     long  sqft_living15  \\\n",
       "0      1955             0    98178  47.5112 -122.257           1340   \n",
       "1      1951          1991    98125  47.7210 -122.319           1690   \n",
       "2      1933             0    98028  47.7379 -122.233           2720   \n",
       "3      1965             0    98136  47.5208 -122.393           1360   \n",
       "4      1987             0    98074  47.6168 -122.045           1800   \n",
       "\n",
       "   sqft_lot15  \n",
       "0        5650  \n",
       "1        7639  \n",
       "2        8062  \n",
       "3        5000  \n",
       "4        7503  \n",
       "\n",
       "[5 rows x 21 columns]"
      ]
     },
     "execution_count": 1,
     "metadata": {},
     "output_type": "execute_result"
    }
   ],
   "source": [
    "# Carga de librerías y lectura del archivo\n",
    "import pandas as pd\n",
    "import numpy as np\n",
    "import warnings\n",
    "warnings.filterwarnings(\"ignore\")\n",
    "\n",
    "data_casas = pd.read_csv('kc_house_data.csv')\n",
    "data_casas.head()"
   ]
  },
  {
   "cell_type": "code",
   "execution_count": 3,
   "id": "cell-03",
   "metadata": {},
   "outputs": [
    {
     "name": "stdout",
     "output_type": "stream",
     "text": [
      "(21613, 13)\n"
     ]
    },
    {
     "data": {
      "text/html": [
       "<div>\n",
       "<style scoped>\n",
       "    .dataframe tbody tr th:only-of-type {\n",
       "        vertical-align: middle;\n",
       "    }\n",
       "\n",
       "    .dataframe tbody tr th {\n",
       "        vertical-align: top;\n",
       "    }\n",
       "\n",
       "    .dataframe thead th {\n",
       "        text-align: right;\n",
       "    }\n",
       "</style>\n",
       "<table border=\"1\" class=\"dataframe\">\n",
       "  <thead>\n",
       "    <tr style=\"text-align: right;\">\n",
       "      <th></th>\n",
       "      <th>Intercepto</th>\n",
       "      <th>bedrooms</th>\n",
       "      <th>bathrooms</th>\n",
       "      <th>sqft_living</th>\n",
       "      <th>sqft_lot</th>\n",
       "      <th>floors</th>\n",
       "      <th>waterfront</th>\n",
       "      <th>view</th>\n",
       "      <th>condition</th>\n",
       "      <th>grade</th>\n",
       "      <th>sqft_basement</th>\n",
       "      <th>yr_built</th>\n",
       "      <th>price</th>\n",
       "    </tr>\n",
       "  </thead>\n",
       "  <tbody>\n",
       "    <tr>\n",
       "      <th>0</th>\n",
       "      <td>1</td>\n",
       "      <td>3</td>\n",
       "      <td>1.00</td>\n",
       "      <td>1180</td>\n",
       "      <td>5650</td>\n",
       "      <td>1.0</td>\n",
       "      <td>0</td>\n",
       "      <td>0</td>\n",
       "      <td>3</td>\n",
       "      <td>7</td>\n",
       "      <td>0</td>\n",
       "      <td>1955</td>\n",
       "      <td>221900.0</td>\n",
       "    </tr>\n",
       "    <tr>\n",
       "      <th>1</th>\n",
       "      <td>1</td>\n",
       "      <td>3</td>\n",
       "      <td>2.25</td>\n",
       "      <td>2570</td>\n",
       "      <td>7242</td>\n",
       "      <td>2.0</td>\n",
       "      <td>0</td>\n",
       "      <td>0</td>\n",
       "      <td>3</td>\n",
       "      <td>7</td>\n",
       "      <td>400</td>\n",
       "      <td>1951</td>\n",
       "      <td>538000.0</td>\n",
       "    </tr>\n",
       "    <tr>\n",
       "      <th>2</th>\n",
       "      <td>1</td>\n",
       "      <td>2</td>\n",
       "      <td>1.00</td>\n",
       "      <td>770</td>\n",
       "      <td>10000</td>\n",
       "      <td>1.0</td>\n",
       "      <td>0</td>\n",
       "      <td>0</td>\n",
       "      <td>3</td>\n",
       "      <td>6</td>\n",
       "      <td>0</td>\n",
       "      <td>1933</td>\n",
       "      <td>180000.0</td>\n",
       "    </tr>\n",
       "    <tr>\n",
       "      <th>3</th>\n",
       "      <td>1</td>\n",
       "      <td>4</td>\n",
       "      <td>3.00</td>\n",
       "      <td>1960</td>\n",
       "      <td>5000</td>\n",
       "      <td>1.0</td>\n",
       "      <td>0</td>\n",
       "      <td>0</td>\n",
       "      <td>5</td>\n",
       "      <td>7</td>\n",
       "      <td>910</td>\n",
       "      <td>1965</td>\n",
       "      <td>604000.0</td>\n",
       "    </tr>\n",
       "    <tr>\n",
       "      <th>4</th>\n",
       "      <td>1</td>\n",
       "      <td>3</td>\n",
       "      <td>2.00</td>\n",
       "      <td>1680</td>\n",
       "      <td>8080</td>\n",
       "      <td>1.0</td>\n",
       "      <td>0</td>\n",
       "      <td>0</td>\n",
       "      <td>3</td>\n",
       "      <td>8</td>\n",
       "      <td>0</td>\n",
       "      <td>1987</td>\n",
       "      <td>510000.0</td>\n",
       "    </tr>\n",
       "  </tbody>\n",
       "</table>\n",
       "</div>"
      ],
      "text/plain": [
       "   Intercepto  bedrooms  bathrooms  sqft_living  sqft_lot  floors  waterfront  \\\n",
       "0           1         3       1.00         1180      5650     1.0           0   \n",
       "1           1         3       2.25         2570      7242     2.0           0   \n",
       "2           1         2       1.00          770     10000     1.0           0   \n",
       "3           1         4       3.00         1960      5000     1.0           0   \n",
       "4           1         3       2.00         1680      8080     1.0           0   \n",
       "\n",
       "   view  condition  grade  sqft_basement  yr_built     price  \n",
       "0     0          3      7              0      1955  221900.0  \n",
       "1     0          3      7            400      1951  538000.0  \n",
       "2     0          3      6              0      1933  180000.0  \n",
       "3     0          5      7            910      1965  604000.0  \n",
       "4     0          3      8              0      1987  510000.0  "
      ]
     },
     "execution_count": 3,
     "metadata": {},
     "output_type": "execute_result"
    }
   ],
   "source": [
    "# Variables independientes seleccionadas (X):\n",
    "\n",
    "variables_X = [\n",
    "    'bedrooms', 'bathrooms', 'sqft_living', 'sqft_lot',\n",
    "    'floors', 'waterfront', 'view', 'condition',\n",
    "    'grade', 'sqft_basement', 'yr_built'\n",
    "]\n",
    "\n",
    "# Agregar columna de intercepto (columna de unos)\n",
    "data_casas['Intercepto'] = 1\n",
    "\n",
    "# Variable dependiente (Y): price\n",
    "# Reordenar: Intercepto primero, luego variables, luego precio\n",
    "cols_modelo = ['Intercepto'] + variables_X + ['price']\n",
    "data_casas = data_casas[cols_modelo]\n",
    "\n",
    "print(data_casas.shape)\n",
    "data_casas.head()"
   ]
  },
  {
   "cell_type": "code",
   "execution_count": 4,
   "id": "cell-04",
   "metadata": {},
   "outputs": [],
   "source": [
    "# Matrices X (variables independientes), Y (variable objetivo)\n",
    "Xdata = data_casas[['Intercepto'] + variables_X].values\n",
    "Ydata = data_casas[['price']].values"
   ]
  },
  {
   "cell_type": "code",
   "execution_count": 5,
   "id": "cell-05",
   "metadata": {},
   "outputs": [],
   "source": [
    "from sklearn.model_selection import train_test_split\n",
    "# División en conjuntos de entrenamiento (70 %) y prueba (30 %)\n",
    "X_train, X_test, Y_train, Y_test = train_test_split(\n",
    "    Xdata, Ydata, test_size=0.3, random_state=1\n",
    ")"
   ]
  },
  {
   "cell_type": "code",
   "execution_count": 6,
   "id": "cell-06",
   "metadata": {},
   "outputs": [],
   "source": [
    "# Asignación de matrices de entrenamiento\n",
    "X = X_train\n",
    "Y = Y_train"
   ]
  },
  {
   "cell_type": "code",
   "execution_count": 7,
   "id": "cell-07",
   "metadata": {},
   "outputs": [
    {
     "data": {
      "text/plain": [
       "15129"
      ]
     },
     "execution_count": 7,
     "metadata": {},
     "output_type": "execute_result"
    }
   ],
   "source": [
    "# Renglones\n",
    "X.shape[0]"
   ]
  },
  {
   "cell_type": "code",
   "execution_count": 8,
   "id": "cell-08",
   "metadata": {},
   "outputs": [
    {
     "data": {
      "text/plain": [
       "12"
      ]
     },
     "execution_count": 8,
     "metadata": {},
     "output_type": "execute_result"
    }
   ],
   "source": [
    "# Columnas\n",
    "X.shape[1]"
   ]
  },
  {
   "cell_type": "code",
   "execution_count": 9,
   "id": "cell-09",
   "metadata": {},
   "outputs": [],
   "source": [
    "# Formato numérico\n",
    "np.set_printoptions(formatter={'float_kind': '{:f}'.format})"
   ]
  },
  {
   "cell_type": "code",
   "execution_count": 10,
   "id": "cell-10",
   "metadata": {},
   "outputs": [
    {
     "data": {
      "text/plain": [
       "array([[15129.000000, 50963.000000, 32017.000000, 31442387.000000,\n",
       "        230231424.000000, 22665.000000, 116.000000, 3505.000000,\n",
       "        51592.000000, 115894.000000, 4424997.000000, 29820815.000000],\n",
       "       [50963.000000, 184941.000000, 113274.250000, 113202849.000000,\n",
       "        792701993.000000, 77591.000000, 372.000000, 12596.000000,\n",
       "        174087.000000, 396101.000000, 16753940.000000, 100513486.000000],\n",
       "       [32017.000000, 113274.250000, 76568.375000, 74367338.750000,\n",
       "        529228587.750000, 51082.750000, 306.000000, 9001.500000,\n",
       "        108207.500000, 254161.750000, 10796334.000000, 63280042.500000],\n",
       "       [31442387.000000, 113202849.000000, 74367338.750000,\n",
       "        77688746971.000000, 575423643809.000000, 49691571.000000,\n",
       "        358581.000000, 10127227.000000, 106683065.000000,\n",
       "        253007293.000000, 11781400252.000000, 62104027960.000000],\n",
       "       [230231424.000000, 792701993.000000, 529228587.750000,\n",
       "        575423643809.000000, 31855025051772.000000, 342386937.500000,\n",
       "        2984896.000000, 85867012.000000, 782119892.000000,\n",
       "        1844554097.000000, 70875143938.000000, 454836234300.000000],\n",
       "       [22665.000000, 77591.000000, 51082.750000, 49691571.000000,\n",
       "        342386937.500000, 38385.500000, 192.000000, 5408.000000,\n",
       "        75865.500000, 177979.000000, 5713870.500000, 44793918.000000],\n",
       "       [116.000000, 372.000000, 306.000000, 358581.000000,\n",
       "        2984896.000000, 192.000000, 116.000000, 435.000000, 414.000000,\n",
       "        1012.000000, 77886.000000, 227698.000000],\n",
       "       [3505.000000, 12596.000000, 9001.500000, 10127227.000000,\n",
       "        85867012.000000, 5408.000000, 435.000000, 9619.000000,\n",
       "        12259.000000, 30150.000000, 2393182.000000, 6892066.000000],\n",
       "       [51592.000000, 174087.000000, 108207.500000, 106683065.000000,\n",
       "        782119892.000000, 75865.500000, 414.000000, 12259.000000,\n",
       "        182362.000000, 393523.000000, 15872682.000000, 101587211.000000],\n",
       "       [115894.000000, 396101.000000, 254161.750000, 253007293.000000,\n",
       "        1844554097.000000, 177979.000000, 1012.000000, 30150.000000,\n",
       "        393523.000000, 908426.000000, 35156827.000000, 228670473.000000],\n",
       "       [4424997.000000, 16753940.000000, 10796334.000000,\n",
       "        11781400252.000000, 70875143938.000000, 5713870.500000,\n",
       "        77886.000000, 2393182.000000, 15872682.000000, 35156827.000000,\n",
       "        4227912395.000000, 8694953378.000000],\n",
       "       [29820815.000000, 100513486.000000, 63280042.500000,\n",
       "        62104027960.000000, 454836234300.000000, 44793918.000000,\n",
       "        227698.000000, 6892066.000000, 101587211.000000,\n",
       "        228670473.000000, 8694953378.000000, 58792983581.000000]])"
      ]
     },
     "execution_count": 10,
     "metadata": {},
     "output_type": "execute_result"
    }
   ],
   "source": [
    "# Cálculo de X'X  (producto de X transpuesta por X)\n",
    "XT_X = np.matmul(np.matrix.transpose(X), X)\n",
    "XT_X"
   ]
  },
  {
   "cell_type": "code",
   "execution_count": 11,
   "id": "cell-11",
   "metadata": {},
   "outputs": [
    {
     "data": {
      "text/plain": [
       "array([[0.518813, -0.000692, 0.004508, -0.000000, 0.000000, 0.001804,\n",
       "        -0.000620, -0.000945, -0.003281, 0.000730, -0.000002, -0.000264],\n",
       "       [-0.000692, 0.000122, -0.000040, -0.000000, 0.000000, 0.000010,\n",
       "        0.000060, 0.000010, -0.000008, 0.000021, 0.000000, 0.000000],\n",
       "       [0.004508, -0.000040, 0.000366, -0.000000, 0.000000, -0.000116,\n",
       "        -0.000007, -0.000003, -0.000010, -0.000020, -0.000000, -0.000002],\n",
       "       [-0.000000, -0.000000, -0.000000, 0.000000, -0.000000, -0.000000,\n",
       "        -0.000000, -0.000000, 0.000000, -0.000000, -0.000000, 0.000000],\n",
       "       [0.000000, 0.000000, 0.000000, -0.000000, 0.000000, 0.000000,\n",
       "        0.000000, -0.000000, -0.000000, 0.000000, 0.000000, -0.000000],\n",
       "       [0.001804, 0.000010, -0.000116, -0.000000, 0.000000, 0.000426,\n",
       "        -0.000030, -0.000004, 0.000025, -0.000023, 0.000000, -0.000001],\n",
       "       [-0.000620, 0.000060, -0.000007, -0.000000, 0.000000, -0.000030,\n",
       "        0.010454, -0.000493, -0.000019, 0.000045, 0.000000, 0.000000],\n",
       "       [-0.000945, 0.000010, -0.000003, -0.000000, -0.000000, -0.000004,\n",
       "        -0.000493, 0.000155, 0.000001, -0.000020, -0.000000, 0.000001],\n",
       "       [-0.003281, -0.000008, -0.000010, 0.000000, -0.000000, 0.000025,\n",
       "        -0.000019, 0.000001, 0.000186, -0.000000, -0.000000, 0.000001],\n",
       "       [0.000730, 0.000021, -0.000020, -0.000000, 0.000000, -0.000023,\n",
       "        0.000045, -0.000020, -0.000000, 0.000144, 0.000000, -0.000001],\n",
       "       [-0.000002, 0.000000, -0.000000, -0.000000, 0.000000, 0.000000,\n",
       "        0.000000, -0.000000, -0.000000, 0.000000, 0.000000, 0.000000],\n",
       "       [-0.000264, 0.000000, -0.000002, 0.000000, -0.000000, -0.000001,\n",
       "        0.000000, 0.000001, 0.000001, -0.000001, 0.000000, 0.000000]])"
      ]
     },
     "execution_count": 11,
     "metadata": {},
     "output_type": "execute_result"
    }
   ],
   "source": [
    "# Cálculo  (inversa de X'X)\n",
    "XT_X_inv = np.linalg.inv(XT_X)\n",
    "XT_X_inv"
   ]
  },
  {
   "cell_type": "code",
   "execution_count": 12,
   "id": "cell-12",
   "metadata": {},
   "outputs": [
    {
     "data": {
      "text/plain": [
       "array([[8134792844.000000],\n",
       "       [28921660282.000000],\n",
       "       [19344041227.500000],\n",
       "       [20285899254544.000000],\n",
       "       [142407378785985.000000],\n",
       "       [12932928855.500000],\n",
       "       [186574092.000000],\n",
       "       [3471948304.000000],\n",
       "       [27861195467.000000],\n",
       "       [66500354540.000000],\n",
       "       [3124774008563.000000],\n",
       "       [16042657850839.000000]])"
      ]
     },
     "execution_count": 12,
     "metadata": {},
     "output_type": "execute_result"
    }
   ],
   "source": [
    "# Cálculo de X'Y  (producto de X transpuesta por Y)\n",
    "XT_Y = np.matmul(np.matrix.transpose(X), Y)\n",
    "XT_Y"
   ]
  },
  {
   "cell_type": "code",
   "execution_count": 13,
   "id": "cell-13",
   "metadata": {},
   "outputs": [
    {
     "data": {
      "text/plain": [
       "array([[6214667.156785],\n",
       "       [-34440.262582],\n",
       "       [44223.363711],\n",
       "       [162.817877],\n",
       "       [-0.238041],\n",
       "       [27629.448288],\n",
       "       [563509.935895],\n",
       "       [43344.835367],\n",
       "       [16611.910755],\n",
       "       [123673.209314],\n",
       "       [0.348496],\n",
       "       [-3576.269932]])"
      ]
     },
     "execution_count": 13,
     "metadata": {},
     "output_type": "execute_result"
    }
   ],
   "source": [
    "# Coeficientes Beta\n",
    "betas = np.matmul(XT_X_inv, XT_Y)\n",
    "betas"
   ]
  },
  {
   "cell_type": "code",
   "execution_count": 14,
   "id": "cell-14",
   "metadata": {},
   "outputs": [
    {
     "name": "stdout",
     "output_type": "stream",
     "text": [
      "Ecuación del modelo:\n",
      "  price = 6214667.1568 - 34440.2626·bedrooms + 44223.3637·bathrooms + 162.8179·sqft_living - 0.2380·sqft_lot + 27629.4483·floors + 563509.9359·waterfront + 43344.8354·view + 16611.9108·condition + 123673.2093·grade + 0.3485·sqft_basement - 3576.2699·yr_built\n"
     ]
    }
   ],
   "source": [
    "nombres = ['Intercepto'] + variables_X\n",
    "print(\"Ecuación del modelo:\")\n",
    "print(f\"  price = \", end=\"\")\n",
    "for i, (nombre, beta) in enumerate(zip(nombres, betas.flatten())):\n",
    "    if i == 0:\n",
    "        print(f\"{beta:.4f}\", end=\"\")\n",
    "    else:\n",
    "        signo = \"+\" if beta >= 0 else \"-\"\n",
    "        print(f\" {signo} {abs(beta):.4f}·{nombre}\", end=\"\")\n",
    "print()"
   ]
  },
  {
   "cell_type": "code",
   "execution_count": 15,
   "id": "cell-15",
   "metadata": {},
   "outputs": [
    {
     "data": {
      "text/plain": [
       "array([[1900668073054776.000000]])"
      ]
     },
     "execution_count": 15,
     "metadata": {},
     "output_type": "execute_result"
    }
   ],
   "source": [
    "# Cálculo de TSS (Suma Total de Cuadrados)\n",
    "TSS = np.matmul(np.matrix.transpose(Y), Y) - len(Y) * (Y.mean()**2)\n",
    "TSS"
   ]
  },
  {
   "cell_type": "code",
   "execution_count": 16,
   "id": "cell-16",
   "metadata": {},
   "outputs": [
    {
     "data": {
      "text/plain": [
       "array([[1237698029176246.000000]])"
      ]
     },
     "execution_count": 16,
     "metadata": {},
     "output_type": "execute_result"
    }
   ],
   "source": [
    "# Cálculo de ESS (Suma Explicada por el Modelo)\n",
    "ESS = np.matmul(\n",
    "    np.matmul(np.matrix.transpose(betas), np.matrix.transpose(X)),\n",
    "    np.matmul(X, betas)\n",
    ") - len(Y) * (Y.mean()**2)\n",
    "ESS"
   ]
  },
  {
   "cell_type": "code",
   "execution_count": 17,
   "id": "cell-17",
   "metadata": {},
   "outputs": [
    {
     "data": {
      "text/plain": [
       "array([[662970043878530.000000]])"
      ]
     },
     "execution_count": 17,
     "metadata": {},
     "output_type": "execute_result"
    }
   ],
   "source": [
    "# Cálculo de RSS (Residuales al Cuadrado = TSS - ESS)\n",
    "RSS = TSS - ESS\n",
    "RSS"
   ]
  },
  {
   "cell_type": "code",
   "execution_count": 18,
   "id": "cell-18",
   "metadata": {},
   "outputs": [
    {
     "data": {
      "text/plain": [
       "array([[0.651191]])"
      ]
     },
     "execution_count": 18,
     "metadata": {},
     "output_type": "execute_result"
    }
   ],
   "source": [
    "# Cálculo del Coeficiente de Determinación R²  (bondad del ajuste)\n",
    "RSq = 1 - RSS / TSS\n",
    "RSq"
   ]
  },
  {
   "cell_type": "code",
   "execution_count": 19,
   "id": "cell-19",
   "metadata": {},
   "outputs": [
    {
     "data": {
      "text/plain": [
       "array([[0.650937]])"
      ]
     },
     "execution_count": 19,
     "metadata": {},
     "output_type": "execute_result"
    }
   ],
   "source": [
    "# Cálculo del Coeficiente de Determinación R² Ajustada\n",
    "RSqAj = 1 - (RSS / (X.shape[0] - X.shape[1])) / (TSS / (X.shape[0] - 1))\n",
    "RSqAj"
   ]
  },
  {
   "cell_type": "code",
   "execution_count": 20,
   "id": "cell-20",
   "metadata": {},
   "outputs": [
    {
     "name": "stdout",
     "output_type": "stream",
     "text": [
      "                            OLS Regression Results                            \n",
      "==============================================================================\n",
      "Dep. Variable:                      y   R-squared:                       0.651\n",
      "Model:                            OLS   Adj. R-squared:                  0.651\n",
      "Method:                 Least Squares   F-statistic:                     2566.\n",
      "Date:                Tue, 24 Feb 2026   Prob (F-statistic):               0.00\n",
      "Time:                        20:13:16   Log-Likelihood:            -2.0682e+05\n",
      "No. Observations:               15129   AIC:                         4.137e+05\n",
      "Df Residuals:                   15117   BIC:                         4.138e+05\n",
      "Df Model:                          11                                         \n",
      "Covariance Type:            nonrobust                                         \n",
      "==============================================================================\n",
      "                 coef    std err          t      P>|t|      [0.025      0.975]\n",
      "------------------------------------------------------------------------------\n",
      "const       6.215e+06   1.51e+05     41.200      0.000    5.92e+06    6.51e+06\n",
      "x1         -3.444e+04   2311.812    -14.898      0.000    -3.9e+04   -2.99e+04\n",
      "x2          4.422e+04   4005.253     11.041      0.000    3.64e+04    5.21e+04\n",
      "x3           162.8179      4.084     39.867      0.000     154.813     170.823\n",
      "x4            -0.2380      0.040     -5.889      0.000      -0.317      -0.159\n",
      "x5          2.763e+04   4322.650      6.392      0.000    1.92e+04    3.61e+04\n",
      "x6          5.635e+05   2.14e+04     26.318      0.000    5.22e+05    6.05e+05\n",
      "x7          4.334e+04   2611.380     16.598      0.000    3.82e+04    4.85e+04\n",
      "x8          1.661e+04   2852.423      5.824      0.000     1.1e+04    2.22e+04\n",
      "x9          1.237e+05   2514.174     49.190      0.000    1.19e+05    1.29e+05\n",
      "x10            0.3485      5.187      0.067      0.946      -9.819      10.516\n",
      "x11        -3576.2699     77.507    -46.141      0.000   -3728.193   -3424.347\n",
      "==============================================================================\n",
      "Omnibus:                     9287.819   Durbin-Watson:                   2.022\n",
      "Prob(Omnibus):                  0.000   Jarque-Bera (JB):           306885.396\n",
      "Skew:                           2.416   Prob(JB):                         0.00\n",
      "Kurtosis:                      24.529   Cond. No.                     4.07e+06\n",
      "==============================================================================\n",
      "\n",
      "Notes:\n",
      "[1] Standard Errors assume that the covariance matrix of the errors is correctly specified.\n",
      "[2] The condition number is large, 4.07e+06. This might indicate that there are\n",
      "strong multicollinearity or other numerical problems.\n"
     ]
    }
   ],
   "source": [
    "# Reporte Automatizado de la Regresión (OLS – statsmodels)\n",
    "import statsmodels.api as sm\n",
    "\n",
    "regressor = sm.OLS(Y, X).fit()\n",
    "print(regressor.summary())"
   ]
  },
  {
   "cell_type": "code",
   "execution_count": 21,
   "id": "cell-21",
   "metadata": {},
   "outputs": [
    {
     "data": {
      "text/plain": [
       "array([[716824.811303],\n",
       "       [315524.029720],\n",
       "       [849224.220486],\n",
       "       ...,\n",
       "       [361261.872679],\n",
       "       [2122509.209855],\n",
       "       [881901.129051]], shape=(6484, 1))"
      ]
     },
     "execution_count": 21,
     "metadata": {},
     "output_type": "execute_result"
    }
   ],
   "source": [
    "# Aplicación del modelo sobre la base de prueba\n",
    "Y_pred = np.matmul(X_test, betas)\n",
    "Y_pred"
   ]
  },
  {
   "cell_type": "code",
   "execution_count": 22,
   "id": "cell-22",
   "metadata": {},
   "outputs": [
    {
     "data": {
      "text/plain": [
       "array([[-257824.811303],\n",
       "       [129475.970280],\n",
       "       [207775.779514],\n",
       "       ...,\n",
       "       [-131261.872679],\n",
       "       [-442509.209855],\n",
       "       [-588901.129051]], shape=(6484, 1))"
      ]
     },
     "execution_count": 22,
     "metadata": {},
     "output_type": "execute_result"
    }
   ],
   "source": [
    "# Cálculo de residuales en la base de prueba\n",
    "Resid = Y_test - Y_pred\n",
    "Resid"
   ]
  },
  {
   "cell_type": "code",
   "execution_count": 23,
   "id": "cell-23",
   "metadata": {},
   "outputs": [
    {
     "data": {
